0.9843738394301675 128000000 8 206
0.9843721881976331 128000000 8 133
0.9843697511375669 128000000 8 109
0.9843776193600661 128000000 8 106
0.9843785842369085 128000000 8 110
0.9374991774393047 64000000 4 185
0.9375201262086891 64000000 4 183
0.9375117307854409 64000000 4 172
0.9374885737412211 64000000 4 218
0.9374925526147984 64000000 4 226
0.7500305301826252 32000000 2 278
0.7500219358156982 32000000 2 304
0.7500064977862184 32000000 2 297
0.7499469738375021 32000000 2 289
0.7499848527139579 32000000 2 310
1.5132566255835053E-4 16000000 1 579
1.6881450547100567E-4 16000000 1 576
6.918351109540606E-5 16000000 1 579
6.347213397164247E-5 16000000 1 584
9.544407670556413E-5 16000000 1 580
0.9930515604428464 192000000 12 176
0.993058284739192 192000000 12 130
0.9930533907246918 192000000 12 140
0.9930486691280468 192000000 12 144
0.9930522302198985 192000000 12 155
0.9899997299254882 160000000 10 127
0.9899980349253443 160000000 10 122
0.9899999845733972 160000000 10 126
0.9899996503480166 160000000 10 123
0.9900012657706891 160000000 10 123
0.9722329002243532 96000000 6 126
0.9722210564440048 96000000 6 129
0.9722173030399303 96000000 6 124
0.9722370117270498 96000000 6 127
0.9722147963495765 96000000 6 177
