10.999939332339187 16000000 1 1192
10.999705852037671 16000000 1 1225
10.999211835094313 16000000 1 1132
11.00101370778253 16000000 1 1216
11.000850653543331 16000000 1 1182
5.000298559859494 32000000 2 2273
5.000381280641165 32000000 2 2266
4.99952550451216 32000000 2 2171
5.000207364077101 32000000 2 2278
4.99998542250896 32000000 2 2475
3.000148375582778 48000000 3 3497
2.999985241766109 48000000 3 3568
2.999866538704386 48000000 3 3479
2.9999099349522025 48000000 3 3328
3.000120390838618 48000000 3 3274
1.9999248714599873 64000000 4 4375
1.9999729760415366 64000000 4 4370
2.0000250594966635 64000000 4 4590
2.0000259547432186 64000000 4 4384
1.999945780440636 64000000 4 4449
0.49999339136642496 128000000 8 8650
0.5000203283405433 128000000 8 8569
0.5000886754414173 128000000 8 8609
0.5000405609126838 128000000 8 8230
0.5000141312449465 128000000 8 8563