-6.95986923126668E-4 12000000 1 788
4.013464102068376E-4 12000000 1 808
-2.91986923126597E-4 12000000 1 809
3.706797435403253E-4 12000000 1 895
-1.63986923126469E-4 12000000 1 763
-1.443202564597179E-4 12000000 1 791
-3.4532025645983566E-4 12000000 1 821
2.933464102068406E-4 12000000 1 787
-1.4198692312650252E-4 12000000 1 868
-6.413202564599096E-4 12000000 1 877
-4.146535897930903E-4 12000000 2 808
1.9801307687350445E-4 12000000 2 440
-8.366535897930127E-4 12000000 2 427
-5.953202564596971E-4 12000000 2 398
5.373464102067516E-4 12000000 2 385
9.867974354005327E-5 12000000 2 398
0.0013053464102070755 12000000 2 371
5.59346410206718E-4 12000000 2 525
0.0012533464102069125 12000000 2 395
-1.2065358979329588E-4 12000000 2 972
-4.5065358979323733E-4 12000000 3 686
-5.586535897932343E-4 12000000 3 296
0.001111346410207048 12000000 3 297
-0.0010296535897929004 12000000 3 295
5.59346410206718E-4 12000000 3 714
0.0018373464102068304 12000000 3 283
-4.476535897932621E-4 12000000 3 300
7.513464102069101E-4 12000000 3 267
0.0015443464102067317 12000000 3 683
-7.226535897930653E-4 12000000 3 280
3.6679743540268817E-5 12000000 4 637
7.926797435402477E-4 12000000 4 219
-0.0011259869231263764 12000000 4 525
-0.0010406535897931057 12000000 4 209
-8.953202564598861E-4 12000000 4 526
4.1667974354009374E-4 12000000 4 539
5.553464102070471E-4 12000000 4 210
0.0014006797435404117 12000000 4 570
-4.219869231265605E-4 12000000 4 536
-4.5798692312626343E-4 12000000 4 214
-0.0017559869231265068 12000000 5 418
4.906797435402233E-4 12000000 5 471
-0.0015226535897929772 12000000 5 400
-8.743202564596153E-4 12000000 5 535
0.0012190130768736651 12000000 5 388
0.001015679743540332 12000000 5 397
0.0012123464102069548 12000000 5 447
0.0010373464102069185 12000000 5 536
2.906797435402453E-4 12000000 5 177
6.223464102070864E-4 12000000 5 421
-9.926535897930577E-4 12000000 6 424
5.253464102068506E-4 12000000 6 424
-0.003466653589792923 12000000 6 387
-8.866535897928962E-4 12000000 6 373
-7.265358979324787E-5 12000000 6 368
-0.0016706535897932362 12000000 6 336
9.253464102068065E-4 12000000 6 438
-0.0016326535897932537 12000000 6 352
-0.0011846535897932498 12000000 6 400
6.83346410206731E-4 12000000 6 158
9.806797435403247E-4 12000000 8 275
0.001103346410206818 12000000 8 248
-7.846535897932938E-4 12000000 8 294
-3.9798692312631445E-4 12000000 8 273
-3.0198692312666253E-4 12000000 8 281
-9.499869231266445E-4 12000000 8 362
-0.0025606535897932936 12000000 8 104
0.0018980130768735393 12000000 8 376
-1.8198692312632048E-4 12000000 8 296
2.3346410206848134E-5 12000000 8 254
-0.004102653589793004 12000000 10 357
-0.0012493202564596295 12000000 10 310
3.84013076873746E-4 12000000 10 199
-9.593202564599501E-4 12000000 10 250
0.0011506797435401062 12000000 10 221
5.067974354000526E-5 12000000 10 230
-4.3598692312629694E-4 12000000 10 211
-9.293202564597536E-4 12000000 10 280
-0.0016426535897933192 12000000 10 233
-7.932025645995822E-5 12000000 10 319
0.001731346410206669 12000000 12 115
3.793464102068711E-4 12000000 12 298
0.001347346410206729 12000000 12 214
-0.0026486535897931596 12000000 12 218
3.534641020674911E-5 12000000 12 132
0.002311346410206916 12000000 12 114
-7.326535897931308E-4 12000000 12 180
5.1134641020667E-4 12000000 12 194
-8.926535897932908E-4 12000000 12 224
-9.926535897930577E-4 12000000 12 160
